the corresponding row number of file: player_career_normalization_dst.csv
number of outliers: 184
1
54
62
84
85
129
141
152
223
239
241
252
255
289
291
296
313
338
349
379
390
398
413
431
453
467
468
488
496
535
555
556
590
602
609
652
685
692
706
709
712
718
722
728
732
738
744
747
767
775
786
796
799
888
923
927
933
940
943
950
967
994
1001
1006
1059
1070
1118
1128
1143
1172
1183
1214
1261
1265
1283
1296
1350
1359
1360
1363
1393
1408
1422
1425
1427
1460
1477
1520
1529
1545
1573
1580
1583
1594
1602
1603
1605
1634
1644
1657
1660
1661
1666
1716
1721
1743
1751
1756
1763
1775
1802
1846
1868
1875
1902
1917
1918
1919
1948
1953
1973
1983
1991
2007
2014
2045
2047
2095
2105
2115
2147
2154
2168
2169
2170
2187
2189
2196
2205
2226
2233
2240
2244
2253
2260
2262
2281
2287
2343
2376
2383
2399
2428
2435
2481
2487
2489
2498
2499
2533
2542
2566
2580
2655
2681
2683
2692
2698
2704
2709
2725
2726
2733
2741
2789
2795
2812
2828
2841
2879
2896
2908
2960
2968
